
4.487471693807774109e-01 1.010419945906675526e-01 3.333374809860429888e-01 -3.205898518008493125e-01 -3.898198574385888793e-01 -1.326633081325816199e-01 3.662245930075894162e-02 -2.716393130911880505e-01 1.307449028462199236e-01 8.931510309679015214e-02
1.140994165785862158e-02 -4.976033851169849309e-01 1.079659384947565942e-01 -2.192135090449012502e-01 2.261170338313480549e-02 2.552175052935004573e-01 3.706598728749269656e-01 -3.730430238645560670e-01 2.637622714071592989e-01 -5.049847940187630613e-01
-4.506724701651623755e-01 4.126030487277623782e-01 2.986999588455124255e-01 5.945294502334282916e-01 -2.420920615843333012e-01 -1.912467033157437546e-01 -3.504443639889182061e-01 4.394040320529245536e-01 1.554420346261644326e-01 5.346390704101351421e-01
-4.968291168968201887e-01 -8.224517528354001461e-02 -9.710412592674425025e-02 1.938861491075758448e-01 -3.104387987060153731e-01 -3.949019571448106336e-01 -4.043425144347169709e-01 4.704962743705194406e-01 2.940403205318287139e-01 -2.374703092724019526e-01

2.803250029822753064e-01 3.066445455990333691e-01 -3.784943509616412460e-01
-5.935481612823080289e-01 -4.735789907648829677e-02 2.008004596562817656e-01
-2.339772675066986996e-01 2.186491946230124384e-01 -1.035886409692006287e-02
-4.537034737482261715e-01 3.580735505591457479e-01 5.622303623436105680e-01
-3.003606492372845049e-01 2.107008569504891238e-01 -1.548813080724764646e-01
2.150128898948324707e-01 -4.705660601010442506e-02 5.017851961542495881e-02
4.387283959217289087e-01 -2.898044091556806201e-01 -1.357591080689515839e-01
-4.812810509925314340e-01 6.201682116415400958e-02 6.336564022946816754e-01
-1.372090996077935388e-01 8.758183490516434355e-02 -1.415498604919703529e-01
-5.097621958828237876e-01 2.443621625269470354e-01 1.577967140185241035e-01

6.321697901890890869e-02
-3.159932225767681513e-01
1.360272874069761717e-01
4.007547834793984132e-01
2.951895179079540021e-01
3.483110289444998897e-01
-2.765131030144220015e-01
2.191762625750545423e-01
-4.065819734304439437e-01
-1.093039332572232902e-01

2.975226468565119742e-01
-2.697511443696843508e-02
-1.049553659390779492e-01
